1 0.92265625 0.34140625 0.0484375 0.021875
41 0.86328125 0.15546875 0.16171875 0.08828125
53 0.82421875 0.35703125 0.23125 0.04140625
74 0.18203125 0.303125 0.2484375 0.02734375
74 0.1640625 0.4140625 0.23125 0.021875
74 0.18203125 0.5265625 0.253125 0.0234375
74 0.175 0.63828125 0.25234375 0.0265625
53 0.8296875 0.46484375 0.246875 0.04296875
53 0.8296875 0.57734375 0.2328125 0.03671875
53 0.828125 0.68828125 0.2265625 0.0421875
53 0.828125 0.85390625 0.225 0.0390625
52 0.0796875 0.96484375 0.13671875 0.046875
2 0.565625 0.9625 0.16875 0.06796875
5 0.73671875 0.96328125 0.14921875 0.06953125
16 0.88828125 0.96328125 0.1375 0.06875