4 0.9109375 0.7078125 0.109375 0.04765625
24 0.9171875 0.8125 0.10703125 0.05390625
57 0.91875 0.86484375 0.06484375 0.028125
28 0.11171875 0.0859375 0.1640625 0.0828125
2 0.91015625 0.2421875 0.14921875 0.075
41 0.0875 0.16796875 0.13359375 0.071875
42 0.08828125 0.24296875 0.1296875 0.065625
1 0.54140625 0.1375 0.05 0.025
1 0.134375 0.14453125 0.05546875 0.021875
1 0.1265625 0.21953125 0.0484375 0.02109375
1 0.13125 0.37421875 0.04921875 0.02265625
1 0.97890625 0.5109375 0.04140625 0.02109375
1 0.95859375 0.21796875 0.0421875 0.02265625
1 0.73515625 0.05 0.04375 0.01640625
1 0.73515625 0.84765625 0.053125 0.028125
1 0.94921875 0.7421875 0.05625 0.0265625
1 0.95625 0.79453125 0.04609375 0.02265625
1 0.97890625 0.9109375 0.040625 0.02265625
1 0.7015625 0.9265625 0.046875 0.021875
1 0.51875 0.93125 0.05546875 0.02265625
1 0.34453125 0.928125 0.05546875 0.02578125
1 0.16484375 0.92890625 0.04765625 0.02421875
10 0.69453125 0.86328125 0.10703125 0.0578125
27 0.81015625 0.86484375 0.10625 0.05625
25 0.11953125 0.9515625 0.196875 0.07734375
37 0.31171875 0.95 0.1609375 0.075
3 0.48359375 0.946875 0.1515625 0.07265625
11 0.6578125 0.9484375 0.16796875 0.078125
9 0.88515625 0.94609375 0.22890625 0.09921875
46 0.3578125 0.5375 0.08125 0.09296875
23 0.40703125 0.415625 0.078125 0.08515625
44 0.7875 0.61015625 0.06015625 0.090625
43 0.54609375 0.66796875 0.06484375 0.090625
30 0.2328125 0.71953125 0.0671875 0.0890625
6 0.91796875 0.7578125 0.11015625 0.0546875