1 0.975 0.91015625 0.02421875 0.0234375
1 0.70078125 0.92890625 0.05 0.02265625
1 0.5171875 0.93046875 0.04453125 0.02109375
1 0.34765625 0.9265625 0.05703125 0.0234375
1 0.16171875 0.92734375 0.05078125 0.0234375
28 0.1078125 0.08125 0.20546875 0.09140625
25 0.11953125 0.94609375 0.1609375 0.07421875
37 0.303125 0.946875 0.18046875 0.0828125
3 0.4859375 0.946875 0.14375 0.0703125
11 0.66953125 0.9453125 0.16328125 0.0859375
9 0.8796875 0.94453125 0.240625 0.10234375
1 0.36328125 0.865625 0.05546875 0.02421875
2 0.90859375 0.23828125 0.1546875 0.0765625
42 0.09140625 0.17109375 0.14140625 0.0734375
41 0.09296875 0.246875 0.1484375 0.0765625
40 0.09609375 0.32265625 0.1453125 0.0734375
1 0.96328125 0.1359375 0.06171875 0.02578125
1 0.95859375 0.20859375 0.04140625 0.02578125
1 0.425 0.4203125 0.04453125 0.02578125
1 0.83125 0.5078125 0.05546875 0.0234375
1 0.94453125 0.5796875 0.046875 0.02734375
1 0.9484375 0.6359375 0.040625 0.0234375
1 0.815625 0.646875 0.04296875 0.02109375
1 0.94921875 0.7375 0.0515625 0.02109375
57 0.93046875 0.86171875 0.0703125 0.02890625
27 0.9109375 0.7546875 0.13203125 0.0625
24 0.9171875 0.65 0.0984375 0.0515625
10 0.92265625 0.7046875 0.11875 0.053125
18 0.40859375 0.4390625 0.06328125 0.08125
31 0.80625 0.53203125 0.075 0.0796875
7 0.79765625 0.6671875 0.0765625 0.07890625
19 0.33515625 0.62109375 0.06875 0.08125
35 0.42421875 0.7625 0.07109375 0.07578125