28 0.10703125 0.08515625 0.171875 0.08359375
25 0.11796875 0.946875 0.1625 0.06875
37 0.3171875 0.94609375 0.153125 0.07421875
3 0.4953125 0.94921875 0.17578125 0.07109375
11 0.6703125 0.94765625 0.13203125 0.07265625
9 0.8828125 0.9484375 0.20625 0.0859375
1 0.97109375 0.91015625 0.04921875 0.0234375
1 0.69765625 0.92578125 0.0578125 0.0203125
1 0.51640625 0.92734375 0.046875 0.02578125
1 0.346875 0.92734375 0.04140625 0.0203125
1 0.16171875 0.92734375 0.040625 0.01796875
1 0.72890625 0.046875 0.040625 0.015625
1 0.4484375 0.12109375 0.05390625 0.02421875
72 0.19921875 0.16875 0.1625 0.075
69 0.40625 0.14453125 0.17421875 0.078125
63 0.61171875 0.17265625 0.17734375 0.08125
60 0.79375 0.12890625 0.18984375 0.0796875