28 0.10546875 0.0828125 0.1921875 0.08515625
1 0.73125 0.0484375 0.0453125 0.01953125
1 0.9734375 0.91015625 0.053125 0.02265625
1 0.7078125 0.92734375 0.06328125 0.025
1 0.51640625 0.928125 0.06015625 0.0234375
1 0.35234375 0.928125 0.0515625 0.02734375
1 0.16328125 0.92734375 0.04453125 0.021875
25 0.1328125 0.94921875 0.16796875 0.0796875
37 0.3125 0.94765625 0.1484375 0.078125
3 0.4828125 0.946875 0.1609375 0.07734375
11 0.665625 0.946875 0.1640625 0.08125
9 0.88984375 0.94609375 0.21953125 0.103125
1 0.73125 0.8484375 0.05546875 0.0265625
1 0.94921875 0.79609375 0.0609375 0.02109375
1 0.95234375 0.74453125 0.0484375 0.0234375
1 0.95546875 0.2171875 0.03984375 0.021875
1 0.12421875 0.2203125 0.04921875 0.028125
1 0.128125 0.371875 0.053125 0.0234375
1 0.5421875 0.13515625 0.05703125 0.0203125
10 0.69765625 0.86171875 0.103125 0.06328125
27 0.803125 0.865625 0.10078125 0.053125
57 0.9203125 0.8640625 0.05859375 0.03046875
24 0.91796875 0.8109375 0.109375 0.053125
6 0.9234375 0.7578125 0.1203125 0.05625
4 0.91640625 0.70703125 0.11484375 0.0546875
1 0.98359375 0.509375 0.03203125 0.0234375
42 0.09453125 0.24453125 0.1515625 0.0765625
41 0.08984375 0.165625 0.13359375 0.07578125
2 0.91328125 0.240625 0.1453125 0.075