28 0.10546875 0.0828125 0.1921875 0.08515625
72 0.1984375 0.1703125 0.17421875 0.08203125
69 0.4046875 0.14296875 0.18984375 0.090625
63 0.609375 0.171875 0.1765625 0.08359375
60 0.78984375 0.12890625 0.19140625 0.08671875
1 0.44453125 0.11953125 0.05078125 0.02265625
1 0.73125 0.0484375 0.0453125 0.01953125
11 0.88984375 0.94609375 0.21953125 0.103125
1 0.9734375 0.91015625 0.053125 0.02265625
1 0.7078125 0.92734375 0.06328125 0.025
1 0.51640625 0.928125 0.06015625 0.0234375
1 0.35234375 0.928125 0.0515625 0.02734375
1 0.16328125 0.92734375 0.04453125 0.021875
25 0.1328125 0.94921875 0.16796875 0.0796875
37 0.3125 0.94765625 0.1484375 0.078125
3 0.4828125 0.946875 0.1609375 0.07734375
11 0.665625 0.946875 0.1640625 0.08125