1 0.9578125 0.7640625 0.059375 0.02421875
1 0.975 0.91015625 0.02421875 0.0234375
1 0.70078125 0.92890625 0.05 0.02265625
1 0.5171875 0.93046875 0.04453125 0.02109375
1 0.34765625 0.9265625 0.05703125 0.0234375
1 0.16171875 0.92734375 0.05078125 0.0234375
28 0.1078125 0.08125 0.20546875 0.09140625
25 0.11953125 0.94609375 0.1609375 0.07421875
37 0.303125 0.946875 0.18046875 0.0828125
3 0.4859375 0.946875 0.14375 0.0703125
11 0.66953125 0.9453125 0.16328125 0.0859375
9 0.8796875 0.94453125 0.240625 0.10234375
1 0.73125 0.0484375 0.04609375 0.01640625
20 0.29140625 0.5421875 0.46796875 0.12734375
39 0.7125 0.4359375 0.35546875 0.15078125
40 0.78828125 0.65546875 0.4234375 0.16484375