25 0.1234375 0.94765625 0.16328125 0.0640625
37 0.31015625 0.9484375 0.17109375 0.07421875
3 0.48359375 0.94921875 0.14296875 0.0703125
11 0.67265625 0.94765625 0.17421875 0.08046875
9 0.8890625 0.9453125 0.2171875 0.10390625
10 0.69765625 0.8625 0.12265625 0.05234375
27 0.80703125 0.8640625 0.1140625 0.05234375
57 0.9203125 0.86484375 0.05859375 0.03046875
24 0.9203125 0.8125 0.10859375 0.05
6 0.9203125 0.75859375 0.109375 0.059375
4 0.9171875 0.70625 0.11171875 0.05234375
45 0.39765625 0.48984375 0.07265625 0.08359375
8 0.8296875 0.4984375 0.07109375 0.08828125
28 0.1203125 0.0796875 0.2265625 0.0875
41 0.08515625 0.16796875 0.14765625 0.0765625
42 0.0859375 0.2453125 0.15390625 0.075
2 0.903125 0.2421875 0.14921875 0.07421875
1 0.73125 0.04765625 0.03671875 0.01875
1 0.53828125 0.134375 0.04921875 0.0265625
1 0.12734375 0.14296875 0.04609375 0.02578125
1 0.1265625 0.21875 0.03984375 0.02265625
1 0.13125 0.3703125 0.059375 0.02265625
1 0.9625 0.21796875 0.05 0.025
1 0.9828125 0.5125 0.034375 0.0296875
1 0.3296875 0.64375 0.0578125 0.02421875
1 0.95234375 0.7421875 0.04765625 0.02265625
1 0.9484375 0.79609375 0.0453125 0.0234375
1 0.728125 0.846875 0.04453125 0.02109375
1 0.7 0.92890625 0.05234375 0.021875
1 0.971875 0.9109375 0.0453125 0.025
1 0.51640625 0.92890625 0.04140625 0.021875
1 0.34453125 0.928125 0.0546875 0.02734375
1 0.16484375 0.928125 0.05078125 0.02265625