26 0.14140625 0.23671875 0.21796875 0.159375
26 0.16796875 0.4984375 0.3359375 0.01875
26 0.603125 0.23828125 0.22578125 0.16015625
26 0.371875 0.23828125 0.22265625 0.1546875
26 0.840625 0.2359375 0.225 0.153125
26 0.3703125 0.4046875 0.21640625 0.1515625
26 0.6015625 0.56875 0.21953125 0.14765625
26 0.1390625 0.575 0.21953125 0.1546875
26 0.1375 0.740625 0.22265625 0.15
26 0.603125 0.40625 0.215625 0.15703125
26 0.3703125 0.571875 0.2171875 0.15546875
26 0.3703125 0.7359375 0.21875 0.14765625
26 0.1390625 0.40859375 0.221875 0.1546875
26 0.83671875 0.39921875 0.21953125 0.14140625
26 0.83671875 0.57421875 0.2171875 0.15078125
26 0.83828125 0.7359375 0.21484375 0.14609375
26 0.60234375 0.740625 0.2203125 0.15078125
55 0.18203125 0.8671875 0.0734375 0.03359375
55 0.2875 0.86640625 0.0796875 0.034375
55 0.39375 0.8671875 0.08828125 0.03515625
55 0.50390625 0.8671875 0.08203125 0.03515625
55 0.60859375 0.86875 0.0828125 0.03828125
55 0.70859375 0.8671875 0.075 0.03125
61 0.85859375 0.8734375 0.1109375 0.059375
28 0.10703125 0.08515625 0.171875 0.08359375
25 0.11796875 0.946875 0.1625 0.06875
37 0.3171875 0.94609375 0.153125 0.07421875
3 0.4953125 0.94921875 0.17578125 0.07109375
11 0.6703125 0.94765625 0.13203125 0.07265625
9 0.8828125 0.9484375 0.20625 0.0859375
1 0.97109375 0.91015625 0.04921875 0.0234375
1 0.69765625 0.92578125 0.0578125 0.0203125
1 0.51640625 0.92734375 0.046875 0.02578125
1 0.346875 0.92734375 0.04140625 0.0203125
1 0.16171875 0.92734375 0.040625 0.01796875
1 0.24609375 0.3328125 0.05234375 0.02265625
1 0.2390625 0.165625 0.0328125 0.02265625
1 0.47421875 0.16640625 0.04140625 0.02421875
1 0.7046875 0.165625 0.05234375 0.02421875
1 0.93984375 0.165625 0.06484375 0.02265625
1 0.81796875 0.0921875 0.03828125 0.0203125
1 0.72890625 0.046875 0.040625 0.015625
64 0.76796875 0.11015625 0.128125 0.06171875
51 0.9203125 0.1109375 0.14140625 0.059375