55 0.1875 0.86328125 0.0734375 0.0390625
55 0.2921875 0.86328125 0.07734375 0.0359375
55 0.40078125 0.8640625 0.0875 0.03671875
55 0.50390625 0.86484375 0.08515625 0.0375
55 0.61328125 0.8640625 0.08515625 0.0390625
55 0.71875 0.865625 0.08984375 0.0390625
66 0.87109375 0.86875 0.1484375 0.0578125
11 0.66640625 0.946875 0.1375 0.07890625
1 0.70078125 0.9265625 0.05078125 0.02265625
9 0.88203125 0.940625 0.22109375 0.09453125
0 0.48984375 0.59609375 0.88125 0.19609375
1 0.24296875 0.16875 0.046875 0.02421875
1 0.4734375 0.16796875 0.053125 0.0234375
1 0.71015625 0.16796875 0.05703125 0.02578125
1 0.97578125 0.09296875 0.0484375 0.0265625
1 0.1609375 0.0625 0.0390625 0.02109375
28 0.10859375 0.08359375 0.18359375 0.08359375
36 0.3046875 0.94609375 0.1734375 0.0796875
26 0.13984375 0.24140625 0.234375 0.17421875
26 0.37265625 0.240625 0.23046875 0.16875
26 0.628125 0.24140625 0.2515625 0.17109375
0 0.625 0.23984375 0.25390625 0.121875
64 0.92578125 0.11015625 0.12109375 0.06171875