52 0.07734375 0.96328125 0.1390625 0.0453125
58 0.50078125 0.96484375 0.36015625 0.05078125
0 0.49140625 0.47109375 0.79609375 0.18125
61 0.1 0.89375 0.1359375 0.053125
66 0.896875 0.89296875 0.14140625 0.0484375
55 0.23125 0.8921875 0.08046875 0.03671875
55 0.33671875 0.89140625 0.07421875 0.03671875
55 0.440625 0.890625 0.09140625 0.03828125
55 0.5484375 0.8921875 0.09296875 0.0375
55 0.65703125 0.890625 0.08046875 0.03984375
55 0.76015625 0.89296875 0.08515625 0.040625
26 0.140625 0.71796875 0.178125 0.0875
26 0.321875 0.71640625 0.17734375 0.08203125
26 0.5015625 0.71640625 0.17890625 0.0859375
26 0.6875 0.715625 0.1828125 0.08359375