25 0.125 0.946875 0.159375 0.07265625
1 0.1609375 0.0609375 0.04375 0.01796875
1 0.69765625 0.92421875 0.0515625 0.0265625
1 0.971875 0.90859375 0.0421875 0.0234375
1 0.16171875 0.92421875 0.04921875 0.0234375
0 0.83828125 0.80078125 0.31796875 0.13828125
56 0.8328125 0.80390625 0.253125 0.1140625
28 0.11953125 0.084375 0.19375 0.08359375
36 0.30703125 0.946875 0.140625 0.07109375
3 0.48359375 0.94765625 0.15859375 0.07578125
11 0.66171875 0.94375 0.16640625 0.0765625
9 0.88671875 0.940625 0.2046875 0.0984375