0 0.7015625 0.68046875 0.1921875 0.0984375
7 0.8015625 0.6515625 0.07109375 0.06796875
1 0.81875 0.6359375 0.0484375 0.0296875
45 0.71953125 0.47265625 0.06015625 0.084375
17 0.40625 0.41171875 0.07109375 0.08046875
19 0.33828125 0.59921875 0.05390625 0.08203125
42 0.0921875 0.24921875 0.14609375 0.071875
41 0.0875 0.16953125 0.13671875 0.07421875
1 0.15859375 0.06171875 0.05390625 0.021875
1 0.13046875 0.22578125 0.04296875 0.02734375
1 0.16484375 0.92421875 0.0515625 0.025
1 0.69921875 0.92578125 0.05859375 0.0296875
1 0.9703125 0.90859375 0.05859375 0.025
24 0.91484375 0.80859375 0.13046875 0.0546875
4 0.9140625 0.74921875 0.09921875 0.05546875
0 0.49921875 0.71484375 0.765625 0.18046875
28 0.1125 0.08125 0.17890625 0.0859375
25 0.121875 0.94609375 0.1640625 0.078125
36 0.30234375 0.94609375 0.1546875 0.07421875
3 0.484375 0.94765625 0.159375 0.07890625
11 0.66796875 0.946875 0.159375 0.08359375
9 0.8828125 0.93828125 0.234375 0.10234375
57 0.91640625 0.859375 0.071875 0.03671875