68 0.84140625 0.8484375 0.27421875 0.1109375
52 0.08203125 0.9625 0.15234375 0.04140625
73 0.56875 0.9578125 0.1328125 0.05078125
50 0.7296875 0.959375 0.1265625 0.05078125
63 0.8859375 0.95859375 0.15 0.05390625
0 0.846875 0.84765625 0.26328125 0.1046875
1 0.92265625 0.8046875 0.03984375 0.021875
1 0.60234375 0.9390625 0.0546875 0.0203125
1 0.92421875 0.93984375 0.046875 0.0234375
75 0.896875 0.571875 0.159375 0.06875
76 0.8 0.51015625 0.16484375 0.0671875
77 0.86484375 0.43046875 0.17890625 0.07578125