0 0.13359375 0.9515625 0.19453125 0.096875
25 0.13046875 0.94609375 0.16171875 0.0734375
36 0.3140625 0.9484375 0.146875 0.078125
0 0.48359375 0.59375 0.8140625 0.1859375
28 0.1125 0.084375 0.17109375 0.0796875
1 0.16328125 0.0609375 0.046875 0.01796875
1 0.703125 0.92421875 0.05546875 0.0296875
1 0.9734375 0.91015625 0.053125 0.0265625
9 0.88984375 0.93828125 0.2203125 0.1046875
11 0.66796875 0.94375 0.15625 0.0875
3 0.4890625 0.94609375 0.1421875 0.0765625
56 0.84375 0.8046875 0.26328125 0.12421875