0 0.48359375 0.5953125 0.8140625 0.18671875
56 0.8375 0.8046875 0.22734375 0.121875
9 0.8796875 0.93828125 0.2171875 0.0953125
1 0.97578125 0.90625 0.0484375 0.025
1 0.703125 0.92421875 0.05390625 0.02421875
28 0.1140625 0.084375 0.190625 0.0890625
1 0.1640625 0.0625 0.0453125 0.01875
0 0.1359375 0.93984375 0.26328125 0.11875
25 0.12734375 0.94453125 0.1640625 0.07734375
36 0.315625 0.95234375 0.16484375 0.08359375
3 0.4890625 0.946875 0.15625 0.07109375
11 0.66171875 0.94453125 0.15078125 0.075