52 0.0734375 0.9625 0.14609375 0.04921875
0 0.503125 0.95546875 0.35390625 0.0890625
58 0.4984375 0.96484375 0.3328125 0.04609375
61 0.09921875 0.89375 0.13671875 0.05
66 0.9015625 0.89296875 0.1375 0.053125
55 0.23203125 0.8921875 0.078125 0.0375
55 0.3375 0.89296875 0.07265625 0.03359375
55 0.76328125 0.8921875 0.07421875 0.03359375
55 0.44296875 0.8921875 0.07421875 0.03359375
55 0.65703125 0.8921875 0.07265625 0.03359375
55 0.55078125 0.89296875 0.07265625 0.0328125
26 0.14140625 0.7171875 0.1765625 0.08125
26 0.3234375 0.7171875 0.17265625 0.07578125
26 0.49921875 0.71640625 0.1671875 0.07734375
26 0.14140625 0.715625 0.1765625 0.07734375
26 0.31875 0.71640625 0.17578125 0.0796875
26 0.50234375 0.71640625 0.18671875 0.0828125