36 0.303125 0.9453125 0.1328125 0.0640625
11 0.6609375 0.94453125 0.15390625 0.071875
9 0.8890625 0.940625 0.215625 0.09453125
1 0.7 0.92578125 0.0453125 0.02109375
0 0.49609375 0.59375 0.8203125 0.190625
1 0.971875 0.0921875 0.04921875 0.0234375
1 0.7078125 0.16796875 0.05625 0.025
1 0.475 0.1703125 0.0609375 0.02734375
1 0.2390625 0.16875 0.05390625 0.0234375
1 0.1578125 0.06328125 0.04140625 0.0203125
28 0.109375 0.0828125 0.20390625 0.08203125
26 0.1390625 0.24375 0.22890625 0.17421875
26 0.37578125 0.23828125 0.23203125 0.171875
26 0.615625 0.240625 0.23125 0.175
61 0.8609375 0.865625 0.1140625 0.0609375
55 0.18203125 0.8625 0.07734375 0.034375
55 0.18203125 0.8625 0.07734375 0.034375
55 0.28671875 0.8625 0.08515625 0.0359375
55 0.396875 0.86328125 0.08828125 0.0390625
55 0.50234375 0.8625 0.08359375 0.0375
55 0.60625 0.86328125 0.08671875 0.03828125
55 0.71484375 0.8625 0.0859375 0.0375