52 0.07265625 0.9640625 0.12265625 0.053125
58 0.49765625 0.96484375 0.35078125 0.05859375
61 0.1 0.89296875 0.14609375 0.0515625
66 0.89921875 0.89375 0.14453125 0.05078125
26 0.140625 0.71875 0.18203125 0.08671875
26 0.32265625 0.71796875 0.17578125 0.08125
26 0.50078125 0.715625 0.1796875 0.0859375
26 0.68515625 0.715625 0.18984375 0.0859375
55 0.22734375 0.89296875 0.09609375 0.04140625
55 0.33515625 0.89296875 0.0828125 0.040625
55 0.440625 0.8921875 0.0953125 0.0421875
55 0.5453125 0.89140625 0.08671875 0.03984375
55 0.653125 0.8921875 0.0890625 0.04140625
55 0.76171875 0.89140625 0.0953125 0.04375