52 0.071875 0.9640625 0.128125 0.046875
58 0.49765625 0.96484375 0.365625 0.05234375
61 0.1 0.89375 0.16484375 0.05625
66 0.89765625 0.88984375 0.13828125 0.05703125
55 0.23203125 0.89140625 0.09375 0.0390625
55 0.3359375 0.8921875 0.0875 0.0375
55 0.440625 0.8921875 0.09140625 0.03984375
55 0.5484375 0.89140625 0.09296875 0.03828125
55 0.65625 0.89140625 0.08671875 0.04140625
55 0.76328125 0.8921875 0.090625 0.0390625
26 0.13984375 0.71796875 0.18515625 0.084375
26 0.32109375 0.71640625 0.1765625 0.0828125
26 0.5046875 0.71640625 0.1734375 0.08125
26 0.68125 0.71640625 0.1796875 0.08359375