25 0.12421875 0.946875 0.153125 0.07421875
36 0.30625 0.9484375 0.13046875 0.06484375
3 0.47421875 0.9453125 0.146875 0.075
11 0.66328125 0.94453125 0.15078125 0.07578125
9 0.8796875 0.93984375 0.23984375 0.10546875
1 0.97578125 0.9078125 0.0484375 0.025
1 0.7 0.925 0.0515625 0.0234375
1 0.125 0.225 0.059375 0.02265625
1 0.16015625 0.0609375 0.0421875 0.01953125
28 0.11328125 0.08359375 0.196875 0.08203125
41 0.0859375 0.16875 0.13828125 0.07578125
42 0.090625 0.24921875 0.1359375 0.0734375
17 0.40546875 0.41328125 0.0703125 0.0796875
45 0.715625 0.471875 0.05703125 0.0796875
7 0.79765625 0.65 0.0671875 0.0796875
19 0.33515625 0.60234375 0.05546875 0.08203125
4 0.91796875 0.7515625 0.1171875 0.0546875
24 0.91875 0.80703125 0.10859375 0.05234375
57 0.91796875 0.86015625 0.06796875 0.03046875