0 0.509375 0.5921875 0.8015625 0.19765625
28 0.1078125 0.08203125 0.18046875 0.07734375
1 0.1625 0.0609375 0.05078125 0.02109375
1 0.97265625 0.0921875 0.04453125 0.021875
1 0.47890625 0.16484375 0.05234375 0.0265625
1 0.24609375 0.1640625 0.06015625 0.028125
1 0.70390625 0.92578125 0.0484375 0.0265625
11 0.6625 0.94375 0.171875 0.07734375
9 0.87890625 0.94296875 0.234375 0.09609375
36 0.3078125 0.94921875 0.18359375 0.0734375
64 0.92578125 0.1109375 0.1484375 0.0671875
26 0.13671875 0.2421875 0.23515625 0.1734375
26 0.37890625 0.24296875 0.2234375 0.1734375
61 0.86171875 0.86484375 0.1125 0.0578125
55 0.18046875 0.8640625 0.0859375 0.03828125
55 0.2859375 0.86171875 0.0875 0.03984375
55 0.3953125 0.8609375 0.09140625 0.040625
55 0.5046875 0.86328125 0.08125 0.03828125
55 0.60546875 0.8625 0.09609375 0.0359375
55 0.71640625 0.86171875 0.1 0.04140625
26 0.6171875 0.24375 0.23359375 0.165625
0 0.8828125 0.94609375 0.215625 0.09453125