25 0.12421875 0.946875 0.1421875 0.07109375
36 0.303125 0.94921875 0.15234375 0.07734375
3 0.484375 0.9453125 0.15546875 0.0765625
11 0.6625 0.9453125 0.175 0.078125
9 0.8921875 0.93828125 0.21484375 0.0953125
28 0.11484375 0.08515625 0.203125 0.0953125
1 0.1640625 0.06171875 0.0375 0.01796875
1 0.1609375 0.92421875 0.05390625 0.02421875
1 0.69765625 0.92421875 0.0515625 0.025
1 0.9734375 0.90859375 0.0453125 0.025
58 0.49921875 0.83828125 0.3296875 0.05234375
0 0.5046875 0.53203125 0.7609375 0.18671875
0 0.50625 0.846875 0.1953125 0.09609375