0 0.5015625 0.9625 0.33515625 0.075
58 0.50234375 0.96484375 0.321875 0.0484375
52 0.07265625 0.9640625 0.1296875 0.046875
26 0.13984375 0.71484375 0.18125 0.084375
26 0.321875 0.71484375 0.17734375 0.08359375
26 0.5078125 0.715625 0.175 0.084375
55 0.23359375 0.8890625 0.0734375 0.0390625
55 0.334375 0.89296875 0.07734375 0.0359375
55 0.44453125 0.89140625 0.0875 0.03671875
55 0.5484375 0.89140625 0.08515625 0.0375
55 0.65546875 0.89140625 0.08515625 0.0390625
55 0.75859375 0.89140625 0.08984375 0.0390625
66 0.8953125 0.89375 0.1484375 0.0578125
61 0.10078125 0.89375 0.13984375 0.0546875