0 0.48359375 0.596875 0.84453125 0.184375
1 0.128125 0.225 0.053125 0.025
1 0.16328125 0.06328125 0.0546875 0.021875
1 0.1625 0.925 0.04609375 0.02109375
1 0.69453125 0.925 0.0453125 0.0234375
1 0.97578125 0.9078125 0.0453125 0.025
24 0.925 0.80625 0.1203125 0.05703125
4 0.9125 0.7484375 0.1078125 0.05078125
28 0.10703125 0.0828125 0.16484375 0.08046875
25 0.13515625 0.9453125 0.1515625 0.071875
36 0.30625 0.946875 0.146875 0.07109375
3 0.4796875 0.94765625 0.15390625 0.07109375
11 0.66171875 0.94296875 0.15859375 0.07734375
9 0.884375 0.9421875 0.2296875 0.10234375
0 0.89140625 0.95078125 0.20625 0.0953125
17 0.40390625 0.4125 0.07109375 0.0765625
45 0.715625 0.47109375 0.06484375 0.0765625
34 0.41953125 0.75 0.06875 0.07421875
41 0.0890625 0.171875 0.1359375 0.07421875
42 0.08828125 0.2484375 0.1265625 0.071875
57 0.9203125 0.859375 0.0734375 0.03046875