58 0.4953125 0.9640625 0.353125 0.053125
52 0.07578125 0.965625 0.14453125 0.04921875
26 0.140625 0.71640625 0.18515625 0.084375
26 0.31875 0.715625 0.175 0.08046875
26 0.5046875 0.71640625 0.18515625 0.0859375
61 0.1015625 0.89296875 0.13515625 0.05390625
66 0.90234375 0.89296875 0.14765625 0.0546875
55 0.2296875 0.8921875 0.084375 0.03828125
55 0.3359375 0.89296875 0.0875 0.040625
55 0.44453125 0.89140625 0.08671875 0.0375
55 0.55 0.89140625 0.0921875 0.03828125
55 0.65546875 0.89140625 0.09296875 0.040625
55 0.76171875 0.89140625 0.09140625 0.03671875