0 0.69375 0.71796875 0.28046875 0.140625
0 0.49609375 0.475 0.77421875 0.19140625
52 0.07421875 0.9640625 0.13671875 0.0546875
58 0.4984375 0.96640625 0.35859375 0.0546875
61 0.09765625 0.89296875 0.134375 0.053125
66 0.89609375 0.89375 0.15078125 0.06171875
55 0.228125 0.89296875 0.0859375 0.0390625
55 0.33984375 0.89296875 0.0875 0.0390625
55 0.440625 0.8921875 0.0984375 0.03984375
55 0.55 0.8921875 0.0953125 0.03984375
55 0.65234375 0.890625 0.090625 0.040625
55 0.759375 0.890625 0.08359375 0.040625
26 0.1390625 0.71640625 0.18984375 0.08203125
26 0.325 0.71640625 0.17578125 0.08125
26 0.50234375 0.71640625 0.17265625 0.08515625
26 0.684375 0.715625 0.1734375 0.08359375