52 0.0734375 0.96640625 0.13203125 0.05234375
0 0.50625 0.96015625 0.33984375 0.0796875
58 0.50546875 0.965625 0.32421875 0.0453125
61 0.096875 0.89375 0.12890625 0.0515625
66 0.8984375 0.8921875 0.13671875 0.0515625
55 0.228125 0.8921875 0.078125 0.034375
55 0.33359375 0.8921875 0.09765625 0.03515625
55 0.44609375 0.88828125 0.0859375 0.040625
55 0.55234375 0.890625 0.08515625 0.04140625
55 0.6578125 0.88984375 0.090625 0.03515625
55 0.7578125 0.890625 0.09140625 0.04140625
26 0.140625 0.71484375 0.1859375 0.084375
26 0.3234375 0.715625 0.17734375 0.08125
26 0.503125 0.71484375 0.18046875 0.08203125