61 0.09921875 0.8921875 0.1453125 0.05390625
66 0.89375 0.89453125 0.14609375 0.05234375
58 0.49609375 0.9671875 0.3578125 0.05390625
52 0.08125 0.96484375 0.15 0.04609375
26 0.13984375 0.71640625 0.18046875 0.08359375
26 0.32109375 0.715625 0.16875 0.0828125
26 0.503125 0.7171875 0.178125 0.084375
55 0.22890625 0.8921875 0.08359375 0.03671875
55 0.3359375 0.89296875 0.08359375 0.0375
55 0.4421875 0.89140625 0.07890625 0.034375
55 0.55 0.89296875 0.08828125 0.0390625
55 0.6546875 0.890625 0.11484375 0.0390625
55 0.7625 0.890625 0.10078125 0.04296875